63
NULL 0 Common 0
Joined 7 0,255,0,255,0,0,0,0,0,0 Latin 1 0 1 Joined	# Joined [4a 6f 69 6e 65 64 ]a
|Broken|0|1 f 0,255,0,255,0,0,0,0,0,0 Common 2 10 2 |Broken|0|1	# Broken
A 5 0,255,0,255,0,0,0,0,0,0 Latin 25 0 3 A	# A [41 ]A
L 5 0,255,0,255,0,0,0,0,0,0 Latin 26 0 4 L	# L [4c ]A
T 5 0,255,0,255,0,0,0,0,0,0 Latin 24 0 5 T	# T [54 ]A
I 5 0,255,0,255,0,0,0,0,0,0 Latin 17 0 6 I	# I [49 ]A
M 5 0,255,0,255,0,0,0,0,0,0 Latin 46 0 7 M	# M [4d ]A
E 5 0,255,0,255,0,0,0,0,0,0 Latin 20 0 8 E	# E [45 ]A
| 0 0,255,0,255,0,0,0,0,0,0 Common 9 10 9 |	# | [7c ]
O 5 0,255,0,255,0,0,0,0,0,0 Latin 22 0 10 O	# O [4f ]A
N 5 0,255,0,255,0,0,0,0,0,0 Latin 16 0 11 N	# N [4e ]A
H 5 0,255,0,255,0,0,0,0,0,0 Latin 53 0 12 H	# H [48 ]A
W 5 0,255,0,255,0,0,0,0,0,0 Latin 13 0 13 W	# W [57 ]A
K 5 0,255,0,255,0,0,0,0,0,0 Latin 45 0 14 K	# K [4b ]A
U 5 0,255,0,255,0,0,0,0,0,0 Latin 19 0 15 U	# U [55 ]A
n 3 0,255,0,255,0,0,0,0,0,0 Latin 11 0 16 n	# n [6e ]a
i 3 0,255,0,255,0,0,0,0,0,0 Latin 6 0 17 i	# i [69 ]a
q 3 0,255,0,255,0,0,0,0,0,0 Latin 18 0 18 q	# q [71 ]a
u 3 0,255,0,255,0,0,0,0,0,0 Latin 15 0 19 u	# u [75 ]a
e 3 0,255,0,255,0,0,0,0,0,0 Latin 8 0 20 e	# e [65 ]a
P 5 0,255,0,255,0,0,0,0,0,0 Latin 48 0 21 P	# P [50 ]A
o 3 0,255,0,255,0,0,0,0,0,0 Latin 10 0 22 o	# o [6f ]a
r 3 0,255,0,255,0,0,0,0,0,0 Latin 47 0 23 r	# r [72 ]a
t 3 0,255,0,255,0,0,0,0,0,0 Latin 5 0 24 t	# t [74 ]a
a 3 0,255,0,255,0,0,0,0,0,0 Latin 3 0 25 a	# a [61 ]a
l 3 0,255,0,255,0,0,0,0,0,0 Latin 4 0 26 l	# l [6c ]a
s 3 0,255,0,255,0,0,0,0,0,0 Latin 61 0 27 s	# s [73 ]a
V 5 0,255,0,255,0,0,0,0,0,0 Latin 37 0 28 V	# V [56 ]A
d 3 0,255,0,255,0,0,0,0,0,0 Latin 35 0 29 d	# d [64 ]a
3 8 0,255,0,255,0,0,0,0,0,0 Common 30 2 30 3	# 3 [33 ]0
, 10 0,255,0,255,0,0,0,0,0,0 Common 31 6 31 ,	# , [2c ]p
2 8 0,255,0,255,0,0,0,0,0,0 Common 32 2 32 2	# 2 [32 ]0
8 8 0,255,0,255,0,0,0,0,0,0 Common 33 2 33 8	# 8 [38 ]0
1 8 0,255,0,255,0,0,0,0,0,0 Common 34 2 34 1	# 1 [31 ]0
D 5 0,255,0,255,0,0,0,0,0,0 Latin 29 0 35 D	# D [44 ]A
c 3 0,255,0,255,0,0,0,0,0,0 Latin 40 0 36 c	# c [63 ]a
v 3 0,255,0,255,0,0,0,0,0,0 Latin 28 0 37 v	# v [76 ]a
7 8 0,255,0,255,0,0,0,0,0,0 Common 38 2 38 7	# 7 [37 ]0
X 5 0,255,0,255,0,0,0,0,0,0 Latin 56 0 39 X	# X [58 ]A
C 5 0,255,0,255,0,0,0,0,0,0 Latin 36 0 40 C	# C [43 ]A
5 8 0,255,0,255,0,0,0,0,0,0 Common 41 2 41 5	# 5 [35 ]0
6 8 0,255,0,255,0,0,0,0,0,0 Common 42 2 42 6	# 6 [36 ]0
9 8 0,255,0,255,0,0,0,0,0,0 Common 43 2 43 9	# 9 [39 ]0
0 8 0,255,0,255,0,0,0,0,0,0 Common 44 2 44 0	# 0 [30 ]0
k 3 0,255,0,255,0,0,0,0,0,0 Latin 14 0 45 k	# k [6b ]a
m 3 0,255,0,255,0,0,0,0,0,0 Latin 7 0 46 m	# m [6d ]a
R 5 0,255,0,255,0,0,0,0,0,0 Latin 23 0 47 R	# R [52 ]A
p 3 0,255,0,255,0,0,0,0,0,0 Latin 21 0 48 p	# p [70 ]a
y 3 0,255,0,255,0,0,0,0,0,0 Latin 49 0 49 y	# y [79 ]a
4 8 0,255,0,255,0,0,0,0,0,0 Common 50 2 50 4	# 4 [34 ]0
F 5 0,255,0,255,0,0,0,0,0,0 Latin 62 0 51 F	# F [46 ]A
g 3 0,255,0,255,0,0,0,0,0,0 Latin 60 0 52 g	# g [67 ]a
h 3 0,255,0,255,0,0,0,0,0,0 Latin 12 0 53 h	# h [68 ]a
. 10 0,255,0,255,0,0,0,0,0,0 Common 54 6 54 .	# . [2e ]p
z 3 0,255,0,255,0,0,0,0,0,0 Latin 55 0 55 z	# z [7a ]a
x 3 0,255,0,255,0,0,0,0,0,0 Latin 39 0 56 x	# x [78 ]a
- 10 0,255,0,255,0,0,0,0,0,0 Common 57 3 57 -	# - [2d ]p
( 10 0,255,0,255,0,0,0,0,0,0 Common 58 10 59 (	# ( [28 ]p
) 10 0,255,0,255,0,0,0,0,0,0 Common 59 10 58 )	# ) [29 ]p
G 5 0,255,0,255,0,0,0,0,0,0 Latin 52 0 60 G	# G [47 ]A
S 5 0,255,0,255,0,0,0,0,0,0 Latin 27 0 61 S	# S [53 ]A
f 3 0,255,0,255,0,0,0,0,0,0 Latin 51 0 62 f	# f [66 ]a
